Size: 16
InitWidth: 8
GridWidth: 24
[[1 0 1 1 0 0 1 0]
 [0 0 0 1 0 0 1 1]
 [1 0 0 0 1 0 0 1]
 [1 0 0 1 0 0 1 1]
 [0 1 0 1 0 1 0 1]
 [1 0 0 0 0 1 0 1]
 [1 0 1 0 0 1 0 0]
 [0 0 0 1 1 1 1 1]],4491
[[1 0 1 1 0 0 1 0]
 [0 0 0 1 0 0 1 1]
 [0 0 1 1 0 0 0 1]
 [0 1 0 1 1 0 1 1]
 [1 1 0 0 1 1 0 1]
 [1 1 1 0 0 0 0 1]
 [1 1 1 0 0 1 0 0]
 [0 1 1 1 1 1 1 1]],4074
[[0 1 0 0 1 0 0 0]
 [0 1 0 1 0 1 1 1]
 [1 0 0 0 0 0 1 0]
 [1 0 0 0 1 0 0 0]
 [0 1 0 1 0 1 0 1]
 [1 0 0 0 0 0 0 0]
 [1 0 0 0 1 0 0 0]
 [0 0 1 1 1 0 0 1]],1463
[[1 0 1 1 0 0 1 0]
 [0 0 0 1 0 0 1 1]
 [0 0 1 1 1 0 0 1]
 [0 1 0 1 1 0 1 1]
 [1 1 0 1 0 1 0 1]
 [1 1 1 0 0 1 0 1]
 [1 1 1 0 0 1 0 0]
 [0 1 1 1 1 1 1 1]],30
[[0 1 0 1 0 0 1 0]
 [0 0 0 1 0 0 1 1]
 [1 0 0 0 1 0 0 1]
 [1 0 0 1 0 0 1 1]
 [0 1 0 1 0 1 0 1]
 [1 0 0 0 0 1 0 1]
 [1 0 0 0 0 1 0 0]
 [0 0 1 1 1 0 1 1]],0
[[1 0 1 0 1 0 0 0]
 [0 0 0 1 0 1 1 1]
 [0 0 1 0 0 0 1 0]
 [0 1 0 1 1 0 0 0]
 [1 1 0 1 0 1 0 1]
 [1 1 1 0 0 0 0 0]
 [1 1 1 0 0 1 0 0]
 [0 1 1 1 1 0 0 1]],0
[[1 0 1 1 0 0 1 0]
 [0 0 0 1 0 0 1 1]
 [1 0 0 0 0 0 0 1]
 [1 1 0 1 1 0 1 1]
 [0 1 0 1 0 1 0 1]
 [1 0 0 0 0 0 0 1]
 [1 0 1 0 0 1 0 0]
 [0 0 0 1 1 1 1 1]],0
[[1 0 1 1 0 0 1 0]
 [0 0 0 1 0 0 1 1]
 [1 0 0 0 1 0 0 1]
 [0 1 0 1 1 0 1 1]
 [1 1 0 0 1 1 0 1]
 [1 0 0 0 0 1 0 1]
 [1 0 1 0 0 1 0 0]
 [0 0 0 1 1 1 1 1]],0
[[1 0 1 1 0 0 0 0]
 [0 1 0 1 0 1 1 1]
 [1 0 0 0 1 0 0 0]
 [1 0 0 0 1 0 0 0]
 [0 1 0 1 0 1 0 1]
 [1 0 0 0 0 0 0 0]
 [1 0 1 0 0 0 0 0]
 [0 0 0 1 1 0 0 1]],0
[[1 0 1 1 0 0 1 0]
 [0 0 0 1 0 0 1 1]
 [0 0 1 1 0 0 0 1]
 [1 0 0 1 1 0 1 1]
 [1 1 0 0 1 1 0 1]
 [1 0 0 0 0 1 0 1]
 [1 0 1 0 0 1 0 0]
 [0 1 1 1 1 1 1 1]],0
[[0 1 1 1 0 0 1 0]
 [0 1 0 1 0 0 1 1]
 [1 0 0 0 1 0 0 1]
 [1 0 0 1 0 0 1 1]
 [0 1 0 1 0 1 0 1]
 [1 0 0 0 0 1 0 1]
 [1 0 0 0 0 1 0 0]
 [0 0 1 1 1 1 1 1]],0
[[1 0 1 1 0 0 1 0]
 [0 0 0 1 0 0 1 1]
 [1 0 0 0 1 0 0 1]
 [1 0 0 1 1 0 1 1]
 [0 1 0 0 1 1 0 1]
 [1 0 0 0 0 1 0 1]
 [1 0 1 0 0 1 0 0]
 [0 0 1 1 1 1 1 1]],0
[[0 1 0 0 1 0 1 0]
 [0 1 0 1 0 0 1 1]
 [1 0 1 1 0 0 0 1]
 [1 0 0 0 1 0 0 1]
 [0 1 0 1 0 1 0 1]
 [1 1 1 0 0 0 0 1]
 [1 0 0 0 0 1 0 0]
 [0 0 1 1 1 0 0 1]],0
[[1 0 1 1 0 0 1 0]
 [0 1 0 1 0 0 1 1]
 [1 0 1 1 0 0 0 1]
 [1 0 0 1 1 0 1 1]
 [0 1 0 1 0 1 0 1]
 [1 1 1 0 0 0 0 1]
 [1 0 0 0 1 1 0 0]
 [0 0 1 1 1 0 1 1]],0
[[1 0 1 1 0 0 1 0]
 [0 0 0 1 0 0 1 1]
 [0 0 0 0 1 0 0 1]
 [0 1 0 1 0 0 1 1]
 [1 1 0 0 1 1 0 1]
 [1 1 0 0 0 1 0 1]
 [1 1 1 0 0 1 0 0]
 [0 1 1 1 1 1 1 1]],0
[[0 1 0 0 1 0 0 0]
 [0 1 0 1 0 0 1 1]
 [1 0 1 1 0 0 0 1]
 [1 0 0 1 1 0 1 1]
 [0 1 0 1 0 1 0 1]
 [1 0 0 0 0 0 0 1]
 [1 0 0 0 0 1 0 0]
 [0 1 1 1 1 1 1 1]],0
